0.00476754	950.3839285712456	186.46575415590675
0.00506427	851.8053571429482	123.21657987679134
0.00536101	609.3720238095557	91.53125479988013
0.00565774	648.0482142856636	80.38557603713089
0.00595448	616.4958333333198	67.0957291708045
0.00625121	509.8995238095449	62.278793956848226
0.00654794	632.6629166667044	53.70484997684052
0.00684468	651.0218452380468	48.97475656583709
0.00714141	607.5697023809516	44.51641995741565
0.00743815	593.4742261904648	38.98799540530682
0.00773488	533.8904761904723	37.11155598685218
0.00803162	570.1258333333226	32.701664354518634
0.00832835	580.7304761904743	30.1107388003495
0.00862509	522.770357142872	27.91965835807225
0.00892182	562.0204166666645	25.1864266256339
0.00921856	550.4214285714397	23.81148040283461
0.00951529	590.929345238078	21.37676755002505
0.00981202	587.3247619047652	20.20956536095321
0.0101088	565.2257738095159	18.500292073125802
0.0104055	530.7685119047619	17.512013016850705
0.0107022	540.2083928571483	16.56390879578154
0.010999	531.8568452380941	15.063706775321013
0.0112957	521.5360952381002	14.408970202926515
0.0115924	554.0772619047607	13.412211452788094
0.0118892	528.4024940476183	13.138273244874362
0.0121859	514.02369047619	12.267335963171535
0.0124826	530.0525178571434	11.761918944861133
0.0127794	537.9898273809522	11.360763017943274
0.0130761	528.8914642857139	10.553165888132165
0.0133728	513.6014107142864	10.285192941308622
0.0136696	512.6134345238097	9.728198503672498
0.0139663	519.5153333333349	9.480628416050234
0.014263	495.43673809523625	9.146291319824824
0.0145598	507.6390595238081	8.540555750405204
0.0148565	498.5659761904776	8.589970811399674
0.0151532	498.36699404762044	8.01193244335234
0.01545	501.9099166666672	7.895330132105908
0.0157467	490.7435119047625	7.55588278976358
0.0160435	475.71725595238036	7.239849062513684
0.0163402	476.43677976190475	7.205010193273131
0.0166369	489.98908928571325	6.733973856906818
0.0169337	465.8392500000002	6.772657140504115
0.0172304	468.1579880952381	6.461343523885537
0.0175271	457.1590357142867	6.298272533039912
0.0178239	450.5512797619042	6.2330406117484705
0.0181206	456.4607857142863	5.939786436944155
0.0184173	440.3024940476189	5.871322358945061
0.0187141	443.9613273809533	5.705669175963068
0.0190108	445.79718452380916	5.641977702056562
0.0193075	432.7266130952387	5.478881057574921
0.0196043	430.69677380952385	5.266127665438494
0.019901	427.97427976190477	5.319279501743104
0.0201977	426.9920892857135	5.13461740085231
0.0204945	423.81922619047657	5.04259799432281
0.0207912	417.3797559523814	4.933326803056098
0.0210879	407.6740119047611	4.820392120356726
0.0213847	408.94733333333306	4.809100175714226
0.0216814	395.5325714285709	4.637057171189581
0.0219781	402.5667440476201	4.628161510166081
0.0222749	394.8236666666665	4.51250067842757
0.0225716	390.6614047619047	4.475629915691324
0.0228683	389.6837738095235	4.386585911707469
0.0231651	377.8622083333332	4.283535040938044
0.0234618	381.5322797619041	4.28490320641469
0.0237586	379.7197976190472	4.143641010262868
0.0240553	366.3000238095242	4.163332188023462
0.024352	370.3726607142855	4.1016883955916015
0.0246488	363.06659523809515	4.007778506656068
0.0249455	351.39226785714243	4.005809086327438
0.0252422	354.70148154761887	3.8797260202532833
0.025539	353.95415595238063	3.886236710617143
0.0258357	352.86911785714324	3.799230525959665
0.0261324	337.89149761904696	3.7924647582757203
0.0264292	340.1368511904758	3.7479303240953614
0.0267259	336.25059702380923	3.6788567002649226
0.0270226	331.8986678571426	3.682357640771407
0.0273194	328.4751523809521	3.595122622287137
0.0276161	321.6681440476188	3.5679010595495564
0.0279128	320.65344761904726	3.63743970906882
0.0282096	313.0616595238095	3.6525068395225224
0.0285063	315.95618690476243	3.716861714234244
0.028803	310.98730357142813	3.6508497962607533
0.0290998	311.23510833333256	3.708298647866932
0.0293965	311.8386351190472	3.71867656893898
0.0296932	300.14908214285754	3.7216095088835304
0.02999	304.750631547619	3.722864585675836
0.0302867	288.6519124999998	3.6202514198332505
0.0305834	295.4391023809521	3.6779706499720937
0.0308802	287.66206309523795	3.5981950034510097
0.0311769	287.2139178571422	3.7247982263802704
0.0314737	285.5664803571429	3.841444370530802
0.0317704	267.4778011904755	3.8491898969859815
0.0320671	274.77290178571366	3.9738538414135975
0.0323639	274.4989589285714	3.8779470881652225
0.0326606	263.1138565476189	4.027874094673047
0.0329573	264.66905119047595	3.965459945526862
0.0332541	270.5938005952376	4.002102290658083
0.0335508	259.22452857142815	4.062286235546553
0.0338475	252.34757380952345	3.9527305284000507
0.0341443	250.58345238095228	4.022566047681805
0.034441	252.83353630952348	3.955762061198995
0.0347377	247.71485654761847	4.017541242434183
0.0350345	250.65632559523834	4.0275746793830605
0.0353312	242.48798869047647	3.9284379315615543
0.0356279	237.20036607142873	4.089489018918461
0.0359247	235.29407202380924	3.960407600942306
0.0362214	233.37667142857185	3.7800028460932245
0.0365181	237.08576666666687	3.71318984172398
0.0368149	236.09321488095304	3.582945989263377
0.0371116	232.88453392857178	3.6267577395396837
0.0374083	224.22015535714223	3.4299574212056965
0.0377051	220.40496666666684	3.4504776503261514
0.0380018	221.8302684523809	3.386476605729528
0.0382985	216.0953511904762	3.4330455361224126
0.0385953	214.41185535714283	3.3926670175059783
0.038892	205.51330059523792	3.340093063738196
0.0391888	211.8902065476192	3.377904513811388
0.0394855	203.76373333333305	3.307248393188199
0.0397822	208.53694821428547	3.3047022011082507
0.040079	205.7851988095237	3.290147555768651
0.0403757	203.06887261904762	3.272600030708867
0.0406724	197.68513095238092	3.2767510827176265
0.0409692	201.85482500000006	3.2452294941701147
0.0412659	187.73878750000023	3.2270013994486564
0.0415626	197.2972714285723	3.176741251498739
0.0418594	185.06383690476184	3.219895742602973
0.0421561	191.50621904761977	3.199696580589355
0.0424528	188.73800952380947	3.1667525157175276
0.0427496	182.728124404762	3.1596919007302953
0.0430463	184.9534232142858	3.1122822555719907
0.043343	178.00197440476182	3.148906762865776
0.0436398	175.44401011904768	3.098093313534575
0.0439365	176.10744761904783	3.1032697408906795
0.0442332	178.61772916666695	3.0946106272763867
0.04453	169.5561994047614	3.085060999529075
0.0448267	171.07769345238125	3.0707782512690773
0.0451234	172.8115363095236	3.0406107944296417
0.0454202	165.28275535714243	3.0389685603580037
0.0457169	166.37422380952358	3.0429958711467497
0.0460136	162.94545773809574	3.0208610624676755
0.0463104	164.75361369047647	3.0070662119971727
0.0466071	164.32298214285652	2.988937724797394
0.0469039	153.70016666666686	2.9940498560828352
0.0472006	155.6003369047619	2.98797040215823
0.0474973	156.02281190476162	2.9615537119212902
0.0477941	153.85764702380953	2.98312405308853
0.0480908	156.12855357142848	2.9422403132202746
0.0483875	148.78955892857135	2.9501814712509224
0.0486843	148.2810184523811	2.939341893895842
0.048981	150.18077142857123	2.8805478050894107
0.0492777	151.70579761904747	2.904447724752202
0.0495745	147.40284642857162	2.9195941979317013
0.0498712	144.63229761904728	2.903742681506403
0.0501679	138.2803041666665	2.872268620712495
0.0504647	140.99642619047629	2.8469952529735214
0.0507614	140.74453690476162	2.8814624241525206
0.0510581	139.14970833333328	2.86045464352167
0.0513549	136.02249166666653	2.8565197998195586
0.0516516	135.08028869047607	2.827324153350903
0.0519483	135.15757440476165	2.837117796914703
0.0522451	130.7870595238093	2.818368839542782
0.0525418	127.91025119047617	2.7941989384368764
0.0528385	131.4804440476192	2.8155670474503376
0.0531353	127.36898392857086	2.786862852363177
0.053432	125.06467857142852	2.8179689210871213
0.0537287	124.57286369047594	2.779978066231771
0.0540255	125.1380904761902	2.773220221927984
0.0543222	120.36266071428557	2.7537555113026677
0.0546189	119.69333749999976	2.7453729856043916
0.0549157	121.1542297619043	2.7704585039961476
0.0552124	117.64449523809546	2.726289187246404
0.0555092	118.51668809523773	2.7228919107778577
0.0558059	124.5401404761904	2.7103793136400234
0.0561026	116.66002380952378	2.723082772229097
0.0563994	116.18297857142892	2.709247349725647
0.0566961	115.44681964285715	2.6784858539872536
0.0569928	116.02925833333288	2.7026186696512067
0.0572896	109.84177797619097	2.699566259565356
0.0575863	109.71893988095218	2.649409568166432
0.057883	111.00504285714308	2.676287530759389
0.0581798	106.9119315476189	2.6407575109394186
0.0584765	106.05486130952357	2.665415633071025
0.0587732	107.83703511904761	2.633697055033714
0.05907	109.15742738095219	2.647632664366596
0.0593667	108.94314523809498	2.619923162877607
0.0596634	105.94257380952385	2.6141778457804845
0.0599602	105.66258511904792	2.619631066923642
0.0602569	100.18890119047612	2.591841457218097
0.0605536	99.95729285714248	2.616457430209196
0.0608504	99.35179226190499	2.5972111648710787
0.0611471	98.74203214285728	2.603610427205619
0.0614438	97.52694523809524	2.58208934090585
0.0617406	95.29875178571473	2.5574999410298718
0.0620373	99.92504345238075	2.582558896070753
0.062334	97.0432863095239	2.554230100119253
0.0626308	93.31009642857154	2.56950903368633
0.0629275	93.91506785714284	2.5578127141411593
0.0632243	94.14479285714307	2.538025257275507
0.063521	94.0514726190473	2.552228904003952
0.0638177	92.77470059523822	2.5132648904541894
0.0641145	92.2591374999999	2.5368660222562567
0.0644112	88.35144583333317	2.512297931338212
0.0647079	83.61039940476161	2.5325933786243415
0.0650047	87.24483869047603	2.509875708159948
0.0653014	84.13242142857115	2.492916079761372
0.0655981	89.70501369047639	2.500448127821188
0.0658949	89.84632083333338	2.490585741859994
0.0661916	87.6653505952379	2.4886555769861047
0.0664883	85.44268630952374	2.5123279169743276
0.0667851	85.92532380952392	2.446610342353202
0.0670818	82.90317499999986	2.4687887965690267
0.0673785	84.4326738095235	2.451683254699668
0.0676753	83.6914035714284	2.473377228990829
0.067972	83.17532857142837	2.4638157064416957
0.0682687	83.00936190476193	2.444876898283233
0.0685655	81.43283273809487	2.4676949879721874
0.0688622	75.38983452380904	2.413878166505178
0.0691589	78.56354880952367	2.439822244621171
0.0694557	75.42138571428552	2.417748108793014
0.0697524	79.85348749999972	2.4294197576661327
0.0700491	74.22489880952384	2.448452520009773
0.0703459	77.42625178571444	2.392550287192127
0.0706426	76.77310357142844	2.407637416028522
0.0709394	72.22966428571482	2.3961499204569536
0.0712361	74.3963922619048	2.3970116431227293
0.0715328	74.20375297619046	2.4038844058943183
0.0718296	70.85262619047597	2.38509883870724
0.0721263	74.82659166666636	2.393063675800123
0.072423	75.80773452380981	2.3711211332482405
0.0727198	64.81997678571432	2.3803659371226695
0.0730165	69.54568571428581	2.3609741951958734
0.0733132	69.84822559523764	2.3637694157882234
0.07361	69.63562142857114	2.3680188019747472
0.0739067	71.41845952380933	2.3535137364820127
0.0742034	69.42466845238073	2.356519605503827
0.0745002	70.90940297619042	2.3148401027040846
0.0747969	69.89471488095248	2.344704471823395
0.0750936	65.54289166666635	2.3603516827649313
0.0753904	69.43500952380973	2.3374178016926987
0.0756871	65.0052500000001	2.33833411448509
0.0759838	63.948166666666566	2.3027904263177974
0.0762806	64.70427619047669	2.3244266132226783
0.0765773	64.4674928571429	2.319786974602544
0.076874	63.47654761904778	2.2940177353577886
0.0771708	66.54732500000009	2.3253529642482524
0.0774675	67.03985535714281	2.2940185391903904
0.0777642	60.16095654761884	2.3098556933674357
0.078061	58.28994642857111	2.2854472599362174
0.0783577	64.3875107142857	2.2843185936042136
0.0786545	61.87010595238078	2.297172908229508
0.0789512	59.21911250000008	2.2682663212413168
0.0792479	61.56665714285694	2.3055209890239077
0.0795447	58.392702380952386	2.244883257603379
0.0798414	59.298526785714216	2.2671736355813947
0.0801381	57.05255416666617	2.2708059869609496
0.0804349	61.5854035714284	2.266004806304622
0.0807316	60.196254166666705	2.25792736504979
0.0810283	56.906306547618755	2.2544457591445224
0.0813251	56.45305059523835	2.241895246743049
0.0816218	57.180922619047294	2.2422066143426163
0.0819185	57.46461726190432	2.2355435728559323
0.0822153	56.57286309523812	2.25024274553188
0.082512	55.33309523809507	2.2183025130620204
0.0828087	53.52782738095243	2.243813391527806
0.0831055	51.580191071428345	2.2214709151148893
0.0834022	53.6852047619044	2.2231602065775062
0.0836989	51.615894642857114	2.2160968703184714
0.0839957	54.77361369047628	2.1948114437350874
0.0842924	51.215157142857066	2.2277519351427832
0.0845891	59.646580952381356	2.194253816565254
0.0848859	50.408901785714164	2.218797684134378
0.0851826	49.729179166666455	2.1743371523277175
0.0854793	49.49965595238098	2.1940854142375836
0.0857761	48.96248988095223	2.196625414824468
0.0860728	48.96704761904786	2.180532155150741
0.0863696	49.01686904761917	2.19814305493631
0.0866663	45.64692023809499	2.1761025396366733
0.086963	45.78265476190481	2.1671189337024246
0.0872598	49.78045357142875	2.183736757823662
0.0875565	49.15065238095238	2.1595757644042863
0.0878532	49.70592380952411	2.1820846025361598
0.08815	48.51108392857128	2.1482760109428547
0.0884467	54.564052976190425	2.157350511116926
0.0887434	48.70352440476182	2.147033011720855
0.0890402	47.14749642857129	2.142460197603066
0.0893369	49.06463749999986	2.157167763503817
0.0896336	45.388269047618905	2.129399633540327
0.0899304	44.67283154761901	2.1627157833110147
0.0902271	46.07743630952356	2.134786507868647
0.0905238	44.37341130952376	2.1266354371580287
0.0908206	47.43376190476198	2.1361544871222216
0.0911173	44.895689880952716	2.1113790706752993
0.091414	51.077357142857096	2.1244605461353365
0.0917108	46.021854761904706	2.123753902300206
0.0920075	48.73721130952404	2.1193219171863715
0.0923042	42.740971428571584	2.120176579755684
0.092601	46.41551488095217	2.0879723313514837
0.0928977	45.562097619047535	2.11450410340517
0.0931944	40.469214880952364	2.0970584023437584
0.0934912	42.39067678571416	2.1044692955984914
0.0937879	43.157330357142456	2.09496382061512
0.0940847	39.77095059523819	2.1612416145090214
0.0943814	45.60608392857162	2.2185309912890547
0.0946781	45.16896666666668	2.221509278272097
0.0949749	41.205757738095485	2.266003556353277
0.0952716	42.945655357143266	2.2503449562109146
0.0955683	38.50492202380934	2.2746164426024067
0.0958651	39.55963571428569	2.2857438160931354
0.0961618	41.0803416666667	2.266240846018644
0.0964585	40.50835178571404	2.299377171774337
0.0967553	38.571408333333466	2.2870176403690325
0.097052	37.12387261904752	2.3179004029029966
0.0973487	38.931933928571425	2.314595301746494
0.0976455	39.39691190476182	2.3040314237635102
0.0979422	37.89407261904728	2.32089235448476
0.0982389	39.14949523809483	2.294675769527853
0.0985357	41.11466369047619	2.3590707369698043
0.0988324	41.11245119047595	2.315933736155974
0.0991291	39.74539047619018	2.2502466053400143
0.0994259	36.03756011904764	2.204962257796968
0.0997226	37.22234702380973	2.1518916956386565
0.100019	39.07481547619042	2.1719970023720574
0.100316	34.799070833333445	2.128502517491524
0.100613	35.46273452380959	2.1404529396610537
0.10091	34.81386309523813	2.1271857464466217
0.101206	34.59578750000006	2.113978310458533
0.101503	34.529397619047586	2.1221733200479616
0.1018	36.67643988095236	2.101451225274766
0.102096	35.42485833333302	2.102811813661178
0.102393	36.87766904761929	2.0913837760504834
0.10269	33.42123511904745	2.0717188975893945
0.102987	32.64307023809522	2.100954045538327
0.103283	35.726624999999785	2.0558324042856655
0.10358	32.78441369047627	2.0814085566263745
0.103877	33.88057321428548	2.071060552760999
0.104174	32.696046428571606	2.0595749460792425
0.10447	36.97631964285691	2.067844470264733
0.104767	33.40739642857159	2.0527428471220723
0.105064	32.25144404761892	2.0589635607778107
0.105361	29.963039285713933	2.034332325447153
0.105657	35.6847732142856	2.0494488782549936
0.105954	31.677177380952486	2.034755251537386
0.106251	34.207448809523555	2.042777726337361
0.106548	31.981613095238117	2.028743513261805
0.106844	29.289411309523672	2.0095137545437725
0.107141	31.170513690476014	2.0333071476324824
0.107438	31.869699404761462	2.028119378339718
0.107734	27.59522142857122	2.012128520177744
0.108031	33.122350595238146	2.02272842179718
0.108328	31.951580952381136	1.9960028525602571
0.108625	31.629939880952378	2.0212338534365264
0.108921	29.143820833333507	1.9915141957889944
0.109218	30.798547619047696	2.0016573966518387
0.109515	31.330154166666944	1.9971484592681532
0.109812	33.37794285714267	1.9803749528789316
0.110108	33.62941011904766	2.0050591659629258
0.110405	28.968713690476164	1.972554280683119
0.110702	31.124091666666658	1.9819845508959202
0.110999	31.76729345238087	1.9774244712445022
0.111295	32.38932142857152	1.9778702467365474
0.111592	28.101624404761907	1.9858613143199015
0.111889	29.731689880952388	1.960417156686142
0.112185	31.47375535714275	1.9647451396606952
0.112482	27.55334702380935	1.9619594546464896
0.112779	30.58972083333316	1.9505423309918937
0.113076	24.54375238095224	1.9587772328328088
0.113372	31.04479999999981	1.9506782071862119
0.113669	30.510089285713917	1.954756932422096
0.113966	27.40196369047638	1.9415374502884897
0.114263	26.248372619047018	1.9566173720867084
0.114559	26.407740476190327	1.929155227529513
0.114856	25.949750595238044	1.9400328153876465
0.115153	27.055176190476118	1.943939751109618
0.11545	28.606769642857017	1.9189728771791916
0.115746	24.934916071428574	1.9409777374538895
0.116043	26.229262499999493	1.9121578287145435
0.11634	27.7197166666663	1.9358609609453192
0.116636	28.62494821428598	1.9268288709375234
0.116933	29.000310119047583	1.906596898573044
0.11723	25.205127380952064	1.921207163668808
0.117527	25.735664880952385	1.9062635124232308
0.117823	26.365678571428504	1.9112442055490626
0.11812	23.716615476190555	1.9041302600904795
0.118417	24.068838095238192	1.89723468236326
0.118714	27.339894047618714	1.9188666985654539
0.11901	29.186555357143078	1.8845869555188377
0.119307	27.7181035714284	1.908581802413412
0.119604	24.891323809523414	1.8915244604739594
0.119901	27.11928035714294	1.8896466796316311
0.120197	24.850437500000027	1.8973492798823666
0.120494	25.44105654761907	1.8675977939307353
0.120791	27.400356547618827	1.8889307794440489
0.121088	27.871118452381012	1.8792039875870994
0.121384	27.38142678571407	1.890372026969448
0.121681	24.662516071428087	1.8692410328842133
0.121978	22.907756547618874	1.8650622064444853
0.122274	27.28487202380947	1.8735185939607097
0.122571	29.636329761904392	1.8671598265804494
0.122868	25.730844047619144	1.8683618069609351
0.123165	24.140676785714277	1.8730834983606115
0.123461	24.642227976190583	1.851784117608108
0.123758	22.800957738095065	1.869736349459563
0.124055	25.387086904761986	1.8395686175745685
0.124352	21.08034523809522	1.8616503212040911
0.124648	23.482298214285606	1.847514488702807
0.124945	21.678802976190212	1.8537330789786421
0.125242	22.79504285714239	1.8457442348194664
0.125539	23.753031547618804	1.8345710756943165
0.125835	23.209063690476057	1.8462693861044424
0.126132	22.55813154761867	1.8327129932590014
0.126429	24.272773214285763	1.8460367108764462
0.126725	25.194782142856695	1.8324095126117477
0.127022	23.487695833333078	1.8321919743358819
0.127319	22.78855238095261	1.8325299315050296
0.127616	19.914188095237932	1.8111096019751625
0.127912	21.059297619047612	1.8315595016455761
0.128209	18.582295833333262	1.8237347184400157
0.128506	21.583643452380983	1.818605037021688
0.128803	20.18427797619026	1.838562298134042
0.129099	18.6457321428567	1.7990897241987234
0.129396	21.819806547618867	1.8200156581876494
0.129693	24.336494642856792	1.8017718884537905
0.12999	19.707138095237724	1.8132688723347066
0.130286	21.80384702380934	1.8148389150826558
0.130583	18.919594047619057	1.8021924176773862
0.13088	24.114462499999973	1.7990461594098706
0.131176	20.935069047618953	1.7969254934607393
0.131473	19.70088749999988	1.8016705706286529
0.13177	23.097808333333347	1.7938426889356958
0.132067	20.50764166666653	1.7996809846973876
0.132363	21.511971428571144	1.7971140158918677
0.13266	19.798148214285476	1.7812954023091834
0.132957	19.5250023809524	1.782082723412525
0.133254	19.475189285713554	1.784654171902024
0.13355	19.759229761904606	1.7858835827502677
0.133847	20.893527976190285	1.7845051864926884
0.134144	21.63897499999962	1.7812650666548049
0.134441	21.986000595237982	1.7848865461790384
0.134737	20.797712500000074	1.8400442313113972
0.135034	18.873932738094936	1.867149952963609
0.135331	17.79322023809499	1.8882412229353094
0.135627	19.325094642857152	1.920021384258219
0.135924	19.17078154761853	1.9187348796077308
0.136221	18.19429642857159	1.934383204574426
0.136518	19.777533928571387	1.9369001711599174
0.136814	19.71666488095238	1.8859971801317648
0.137111	21.00396785714281	1.8674853872665056
0.137408	19.88495357142881	1.8465194455393523
0.137705	18.459626190475973	1.8301364583474533
0.138001	23.61658809523817	1.8089490863158986
0.138298	18.874455357142637	1.7964293097999202
0.138595	21.17262380952397	1.7827444998506183
0.138892	19.29930595238133	1.7721619688179873
0.139188	14.105241666666757	1.755903046821432
0.139485	19.077133928571186	1.7597872815939515
0.139782	17.12572976190458	1.740038870270755
0.140079	17.692385714285876	1.749090253077576
0.140375	18.730876190476096	1.7502246316769379
0.140672	19.639819642857077	1.7552548617393038
0.140969	21.024994642856996	1.766268082806972
0.141265	19.371761309523805	1.7495901844544801
0.141562	19.03420535714247	1.7542566240913042
0.141859	14.293105952380643	1.7378241771850347
0.142156	19.586714285714066	1.7441345098274335
0.142452	17.67801666666685	1.754502366824098
0.142749	17.336773214285728	1.7350884377919809
0.143046	19.29452916666648	1.7455003046806734
0.143343	17.632428571428704	1.7298691364368854
0.143639	16.20060119047608	1.7329105150902027
0.143936	15.51544761904779	1.7356428667468693
0.144233	15.10157619047618	1.7292685624789141
0.14453	17.136594047618985	1.7344725817337845
0.144826	14.716814285714435	1.711075443999803
0.145123	17.13819821428544	1.7316111965074485
0.14542	18.02253214285713	1.7119573389247225
0.145716	15.878416071428916	1.7205517910139159
0.146013	19.52012619047622	1.7240477020616127
0.14631	17.86484345238094	1.7031744915842908
0.146607	18.492380952380785	1.7195768865391703
0.146903	16.426745833333314	1.7065009148075572
0.1472	19.42312380952373	1.708659237689688
0.147497	17.375036904761743	1.701833928129839
0.147794	15.839260119047651	1.7049089761071399
0.14809	16.735863095237846	1.7037111416769803
0.148387	20.17151309523811	1.696433673585867
0.148684	15.8962065476193	1.6940963039290502
0.148981	17.689727976190426	1.695721860947663
0.149277	15.190012499999881	1.6835019280405743
0.149574	14.945701190476228	1.7063669543574793
0.149871	12.862125000000049	1.6788421161016298
0.150167	18.159420833333115	1.6909830428345474
0.150464	17.749476785714364	1.6863024894167196
0.150761	18.06691726190465	1.6791234739899052
0.151058	14.79566071428593	1.6770721901934695
0.151354	16.34482738095258	1.680950010416228
0.151651	14.307519047619195	1.6828881008648633
0.151948	16.319355357143053	1.6688953680681307
0.152245	13.533472619047302	1.6749976217027456
0.152541	17.129194642857186	1.675214814919734
0.152838	13.069394642857048	1.6670901538829974
0.153135	14.613888095237968	1.6733820573423752
0.153432	16.42169642857141	1.6595571533341968
0.153728	15.134402976190131	1.666828390677584
0.154025	10.799308333333215	1.6631207356841577
0.154322	15.917194642857169	1.6593637127591352
0.154619	15.112363095238095	1.6618174003109996
0.154915	16.01054999999988	1.6519712646647378
0.155212	19.1629988095238	1.664471360692511
0.155509	16.317161309523698	1.6449659304359439
0.155805	13.838281547618863	1.6579187216320557
0.156102	15.360452976190686	1.646651143475935
0.156399	15.82856845238112	1.645530716736436
0.156696	15.701205357142811	1.6522074600044887
0.156992	14.232232142857129	1.6813971332068882
0.157289	15.367857142856991	1.728535555609063
0.157586	15.86615000000009	1.7305623290087737
0.157883	12.817811309523535	1.7499325959660503
0.158179	15.986928571428223	1.756025149838252
0.158476	11.409266071428306	1.741065698230893
0.158773	15.403834523809508	1.7708427126220774
0.15907	15.490605357143181	1.7592832679664254
0.159366	17.14294107142834	1.7703460189084665
0.159663	11.67850119047614	1.787870576815724
0.15996	11.965311904761933	1.767025592990461
0.160256	12.817801190476246	1.7949979626076806
0.160553	10.574561904761879	1.7775411267544359
0.16085	14.272020238095422	1.7963030556661674
0.161147	14.795579761904634	1.786770168279914
0.161443	14.219108928571131	1.7999487124849116
0.16174	17.533967857142585	1.816526617910813
0.162037	13.639133333333433	1.7323130645782134
0.162334	13.758032142857246	1.7173087682898043
0.16263	12.548555357142988	1.704668776561353
0.162927	14.768496428571325	1.7028215820472083
0.163224	14.005573809523497	1.6929692672031176
0.163521	11.534891071428603	1.6828926747858497
0.163817	15.569824404762045	1.6833356751103492
0.164114	13.588667857142696	1.66733578539082
0.164411	13.99308928571429	1.665419050108499
0.164707	12.884845238095153	1.6645472711388956
0.165004	11.6989773809523	1.6541622257250688
0.165301	12.768915476190728	1.6586594096259382
0.165598	13.86717321428577	1.633561731382506
0.165894	15.664330952381107	1.647231515460167
0.166191	12.840511904761769	1.6306311660636723
0.166488	14.42256785714278	1.6442154881138626
0.166785	14.274917857142242	1.6400409237857034
0.167081	10.98376726190466	1.6263273060204537
0.167378	13.162335714285689	1.6336390293974583
0.167675	11.962414880952394	1.6258351659570498
0.167972	13.194627976190674	1.6354613041209016
0.168268	12.202786904761922	1.6286609930456317
0.168565	14.200566666666532	1.6199719149442213
0.168862	10.14731249999997	1.6381384884743089
0.169159	12.79535059523809	1.614660185316228
0.169455	13.061122023809446	1.6243925794293927
0.169752	11.338070833333234	1.6134901736502028
0.170049	10.530126785714202	1.6147950028368108
0.170345	11.704855952380626	1.6293135909094523
0.170642	11.642340476190327	1.6037494729090223
0.170939	12.201701785714079	1.6150140174313845
0.171236	13.286958333333132	1.594976386515587
0.171532	13.504182142857104	1.6093744069567424
0.171829	12.886995833333259	1.607263307943769
0.172126	9.908330952380737	1.6017385340031858
0.172423	16.97697857142856	1.6088439930641023
0.172719	11.460682738094903	1.5928811287267395
0.173016	12.189363095237695	1.589657586468848
0.173313	15.337600000000009	1.5930868234019937
0.17361	12.971555952381095	1.5906061882991978
0.173906	13.158295833333256	1.5954704467544831
0.174203	12.170894047618788	1.5880894025361538
0.1745	12.632977380952326	1.5831520126997223
0.174796	11.25769583333323	1.576902672452449
0.175093	11.060142857142381	1.584656504169237
0.17539	9.668058333333391	1.5891626415779514
0.175687	11.466289285714168	1.5705640989078553
0.175983	8.189490476190286	1.5859252697098398
0.17628	9.634506547619281	1.572454663858296
0.176577	13.886712500000158	1.5788307697490909
0.176874	11.3215398809524	1.5624732132897423
0.17717	12.535927976190635	1.5685191277210015
0.177467	11.858717261904701	1.5835425580400533
0.177764	11.820670833333224	1.5635641872271884
0.178061	11.574492857142786	1.5709328290902813
0.178357	10.900437500000066	1.544130837151543
0.178654	13.276192857143059	1.5626206901438056
0.178951	10.870361309523702	1.5713350308155472
0.179247	10.251762499999728	1.5499032396647197
0.179544	11.84127499999974	1.5634891948227136
0.179841	10.748638690476184	1.549508970487448
0.180138	10.66187321428572	1.5534142163165063
0.180434	11.88981130952385	1.5555246110724572
0.180731	11.063555357142576	1.5401592115097955
0.181028	10.234554761904917	1.5575741865913686
0.181325	11.733120238095296	1.5388306675189178
0.181621	10.441454761904367	1.5538638435230685
0.181918	12.401385119047603	1.538505626284381
0.182215	10.365594642857161	1.5379154292726147
0.182512	12.320454761904784	1.5442056939225124
0.182808	10.802660714285963	1.5387270502899555
0.183105	8.460062500000163	1.5410992871412206
0.183402	10.673672023809644	1.5373662439804545
0.183699	10.646880357142834	1.5305733672489077
0.183995	9.729909523809397	1.534461503463054
0.184292	9.67982857142843	1.5246628435702725
0.184589	11.449194642856781	1.5369066730254521
0.184885	10.675805357143133	1.5242977844187857
0.185182	10.595767857142704	1.529728859062343
0.185479	11.590978571428394	1.5214902760673812
0.185776	10.77077142857135	1.5188431853696551
0.186072	8.45613809523826	1.5353201140604165
0.186369	9.131726190476002	1.510358809101486
0.186666	12.946161904762192	1.522077261302881
0.186963	12.769123214285827	1.5129938302494432
0.187259	8.921095238095091	1.5219770741302807
0.187556	12.643831547619016	1.5119901268879126
0.187853	11.794532142856724	1.5072112754471614
0.18815	11.928350595237873	1.5151447410081829
0.188446	9.527751785714003	1.5080731471100783
0.188743	10.951582142857177	1.5113294442708127
0.18904	12.311264880952564	1.5107208927862854
0.189336	8.709797619047492	1.4968501638484977
0.189633	14.794578571428616	1.5098016746822063
0.18993	8.45973630952372	1.4936841176595879
0.190227	11.845479761904869	1.508680310830341
0.190523	11.91968035714254	1.503342032067418
0.19082	10.72926785714273	1.4970194935258339
0.191117	7.397052976190253	1.5023035929340833
0.191414	9.055387500000336	1.4870535145489747
0.19171	12.631799404762063	1.5039095204235595
0.192007	8.396464285714274	1.4881389115674584
0.192304	10.970054166666472	1.4909663797358625
0.192601	11.19124523809532	1.4931462246543905
0.192897	7.4048101190476245	1.4823109612158458
0.193194	10.230115476190349	1.4873922070537626
0.193491	12.040331547618877	1.4846514650806042
0.193787	10.910804166666423	1.4881530966648149
0.194084	9.627276785714258	1.4836196611014532
0.194381	11.29829761904773	1.4820239801968382
0.194678	11.508645238095312	1.486112147968115
0.194974	10.84709047619043	1.4698151241515136
0.195271	10.644443452381154	1.4791431081175412
0.195568	10.142252976190349	1.4759049336191408
0.195865	10.453959523809004	1.4762009394556683
0.196161	9.481294047619002	1.4796893183907183
0.196458	6.675003571428277	1.463399912418564
0.196755	8.876467857142671	1.4787130534971977
0.197052	9.83829761904758	1.4616108798216292
0.197348	6.986986309523644	1.4729741440196924
0.197645	11.66769107142855	1.464415002683269
0.197942	9.578570238095239	1.4663613826768962
0.198238	10.728435714285638	1.4732105854552597
0.198535	9.353257142857103	1.4495048766113914
0.198832	9.058255357142855	1.466590289481894
0.199129	10.61276726190485	1.4576678385240458
0.199425	8.339998214285629	1.4570056590119516
0.199722	10.195263095237834	1.4715291354233964
0.200019	8.830137500000035	1.446541481679045
0.200316	10.04914523809532	1.4588617314805519
0.200612	10.724323809523924	1.450209249517977
0.200909	10.747019642857225	1.4505817771800222
0.201206	9.067132142857162	1.4575276633881473
0.201503	7.065897619047519	1.44598590359081
0.201799	8.444006547618983	1.4589446127896433
0.202096	9.013429761904916	1.440696614709918
0.202393	7.659064880952258	1.4451839504870967
0.20269	8.744750595238031	1.4432092379443464
0.202986	7.6226970238097636	1.4450035155212722
0.203283	8.26229642857129	1.4526503227350387
0.20358	8.033263690475962	1.4393755090934948
0.203876	11.009514285714204	1.4402442466842993
0.204173	11.493135119047224	1.4389514299033836
0.20447	8.273434523809442	1.4347430700627841
0.204767	11.06791785714293	1.4403905810137272
0.205063	9.845572023809268	1.4316706326065716
0.20536	12.301302380952421	1.441119865956043
0.205657	7.0022220238094235	1.432349959033517
0.205954	8.677233333333305	1.4334815009245578
0.20625	9.72883809523779	1.4244213971756223
0.206547	10.23339166666645	1.4327625828373853
0.206844	12.411829166666593	1.4314736055719182
0.207141	13.075469047618924	1.4182146542336915
0.207437	9.41143809523794	1.4320768932597474
0.207734	10.41206666666639	1.4061522847252028
0.208031	4.926202380952276	1.4214589168349459
0.208327	9.29727559523812	1.4210272956543486
0.208624	8.579752380952073	1.412354893035412
0.208921	10.555979761904979	1.4226925364824972
0.209218	10.290419047618826	1.4059084382910947
0.209514	10.39510654761898	1.41241920533282
0.209811	5.411033333333535	1.4145641368517903
0.210108	8.074342857142796	1.4026085565112605
0.210405	5.821149404761883	1.4181179960022394
0.210701	7.117022023809625	1.4013320827608702
0.210998	8.48531488095233	1.417925239382427
0.211295	7.8229660714282545	1.4030844087569712
0.211592	11.572687499999859	1.4074358313683661
0.211888	6.805172619047397	1.4156226602432724
0.212185	10.818269642857388	1.3986210017197602
0.212482	9.447743452380735	1.4158300872938103
0.212778	9.484681547618692	1.4001137319221746
0.213075	5.839339880952394	1.4034302155147875
0.213372	12.436580357142475	1.4031188267256516
0.213669	7.233119642856991	1.395478505694021
0.213965	7.625538095237943	1.4002601492466886
0.214262	9.625553571428469	1.3958071611094538
0.214559	9.508658928571236	1.401155451912959
0.214856	5.979780357142772	1.3965952546697142
0.215152	9.906224404761588	1.385363552614292
0.215449	9.133479166666802	1.4038818735526326
0.215746	9.864220833333519	1.3861354597879874
0.216043	7.2987059523809705	1.4015086958675904
0.216339	9.953138095238216	1.3825295168763025
0.216636	6.167655952380784	1.387561202830447
0.216933	6.810535119047358	1.392762835739527
0.21723	8.33024404761943	1.3782824771275788
0.217526	9.88424345238073	1.3932454494046929
0.217823	6.001082142857399	1.375679361838329
0.21812	7.7106124999997405	1.3897793751654508
0.218416	10.569089285714313	1.3830304269982716
0.218713	7.899170238095508	1.3768648965600325
0.21901	7.804175595238121	1.3816384148419862
0.219307	7.732361904761831	1.37893095698504
0.219603	9.533507142857047	1.3807261235810822
0.2199	7.178432142857218	1.414216614906441
0.220197	7.926114880952326	1.4254533395295748
0.220494	8.430974404761571	1.4332590055817862
0.22079	7.16147797619044	1.4376406351967617
0.221087	8.129941666666554	1.4548324580120922
0.221384	7.080845238095179	1.4524572967835756
0.221681	8.013638095238349	1.4573265439465308
0.221977	6.156411309523975	1.4616293976737857
0.222274	11.347037499999999	1.463112645096631
0.222571	6.202014880952333	1.4671156400480423
0.222867	7.243580952380739	1.468990506229462
0.223164	12.305010714285771	1.4708467100919378
0.223461	7.827938690475946	1.4779317794191849
0.223758	7.859747023809831	1.4813768772501161
0.224054	8.221386904761658	1.4725823729517926
0.224351	7.167819642857722	1.4843247064656184
0.224648	8.335753571428484	1.4847078738260082
0.224945	7.313315476190496	1.4702147925971776
0.225241	11.049037499999912	1.4465213714581058
0.225538	9.957319642857385	1.4430972064682146
0.225835	7.74007083333359	1.4309335126267306
0.226132	7.854037500000288	1.4339749319892792
0.226428	7.6120160714286556	1.427159795761791
0.226725	8.683417261904793	1.43312819575222
0.227022	6.355673809523665	1.4222753183564816
0.227318	7.2028559523811	1.4268334422420794
0.227615	7.360008333333212	1.419747396713304
0.227912	10.945428571428693	1.409834680020786
0.228209	6.518432738095328	1.422294208061864
0.228505	8.252424404761882	1.4086980122691997
0.228802	8.993623809523541	1.4167362793389793
0.229099	7.9997910714284615	1.409811470696014
0.229396	8.572417261904803	1.406602068765481
0.229692	2.748666071428545	1.4309563004897121
0.229989	8.586285119047261	1.4012144720987583
0.230286	9.12345119047643	1.4067393813725595
0.230583	5.887353571428378	1.40658914643532
0.230879	5.534516071428186	1.40132132432817
0.231176	8.578439285714126	1.411077150981299
0.231473	6.086895238095167	1.3898897749450199
0.23177	8.53248333333326	1.4071030039646348
0.232066	7.1291351190477315	1.3990611965618813
0.232363	7.823675595238058	1.3987102888191514
0.23266	8.88004642857112	1.402379244285127
0.232956	6.857994047618945	1.3962426066351528
0.233253	7.111615476190423	1.4045780107113284
0.23355	9.14528214285724	1.3852017130994319
0.233847	7.664220833333104	1.4009109410239615
0.234143	7.656794642857108	1.3959043780764357
0.23444	8.007245238095066	1.388766650104706
0.234737	7.089826785714166	1.4000922178369195
0.235034	7.902924404762075	1.3815498417678023
0.23533	6.149468452380802	1.3934508260094034
0.235627	5.876609523809435	1.3917986882343778
0.235924	5.61051785714298	1.382350161693191
0.236221	7.049470238095381	1.4017087407804563
0.236517	5.0070351190477425	1.3822074611998145
0.236814	6.720739880952635	1.3931389872790698
0.237111	7.656727380952333	1.3867318723271453
0.237407	8.151575595237972	1.3923036384263041
0.237704	8.192370833332916	1.3945392060930644
0.238001	9.570593452380791	1.3789297194396897
0.238298	5.724129761904777	1.3916011081954192
0.238594	7.6329511904761205	1.37771739288883
0.238891	7.372683928571604	1.3876420301962067
0.239188	5.551116071428481	1.3855007306677063
0.239485	6.572623809523748	1.3856766768080382
0.239781	8.278084523809355	1.3864927648002465
0.240078	6.542151785714196	1.3797437904858643
0.240375	8.169371428571566	1.384761657583983
0.240672	7.950585714286262	1.3752158407397492
0.240968	7.207645833333487	1.3806163575969075
0.241265	8.456656547618877	1.389300319770763
0.241562	5.2532619047615015	1.3729332047541996
0.241858	7.814032738095591	1.3860152960368863
0.242155	7.490633333333392	1.3761516420617275
0.242452	7.229087499999736	1.3761440367958702
0.242749	8.215236309523846	1.3783420935994715
0.243045	6.355323214285562	1.3745410486789222
0.243342	8.68733988095201	1.3810434276320895
0.243639	8.879764285714202	1.3713782446797484
0.243936	7.530350595237962	1.3789365612557725
0.244232	8.184484523809346	1.3741862077553022
0.244529	7.161716666666678	1.380138217172648
0.244826	6.302160119047642	1.3728848259098014
0.245123	6.002789285714272	1.370858759405941
0.245419	7.6678404761908325	1.375735743201714
0.245716	8.44414702380945	1.3744480810964554
0.246013	6.873544642857041	1.3705357970389596
0.24631	5.082658333333399	1.3725265940628082
0.246606	6.584775000000036	1.3671454393431817
0.246903	7.266105952380855	1.3778509182047394
0.2472	6.72964404761899	1.3607717944768898
0.247496	6.491204166666478	1.374389969476604
0.247793	8.86581130952365	1.3658954515094703
0.24809	5.5661464285712725	1.3662820394449773
0.248387	7.996336309523997	1.3782134051063097
0.248683	6.112176785714354	1.3566689559625753
0.24898	7.45236428571431	1.375280013587123
0.249277	5.034724404761732	1.3668436546371265
0.249574	7.915116071428656	1.3715638967664265
0.24987	3.88459404761889	1.3609407021256454
0.250167	3.8868398809525218	1.3562353012530384
0.250464	8.535577380952475	1.3682409042163588
0.250761	7.177219047619019	1.3683919093844596
0.251057	4.4482922619044984	1.370363177807845
0.251354	8.918759523809285	1.3659525132191899
0.251651	9.02207559523788	1.3538287666619673
0.251947	7.451018452380822	1.374589133622848
0.252244	7.2481232142855845	1.3576232195326394
0.252541	8.423024999999882	1.3644708865160549
0.252838	8.663081547618816	1.3580568684723717
0.253134	7.61546726190474	1.3635544931985053
0.253431	6.010685119047707	1.3663964768113255
0.253728	6.298493452380569	1.3542811989417851
0.254025	5.837527380952281	1.3686744432612326
0.254321	5.621409523809433	1.3510177991995982
0.254618	5.973098809523947	1.369893880171405
0.254915	8.879142857142597	1.3649316587689535
0.255212	5.7929916666667225	1.351598389747636
0.255508	4.059069642857196	1.3594267241198423
0.255805	5.935953571428456	1.3525614857003947
0.256102	4.964441666666772	1.36522670248997
0.256398	4.981495238095448	1.3675563111213713
0.256695	4.0002916666664134	1.349956054806655
0.256992	7.39188154761905	1.3634988522022153
0.257289	6.922691666666481	1.3489130754819652
0.257585	7.667386904762026	1.3629243635168393
0.257882	5.518494047618958	1.3510602372836231
0.258179	7.565586309524122	1.354801173591472
0.258476	5.010229761904981	1.36433701092544
0.258772	7.433248214285442	1.3405833375017182
0.259069	6.701981547619056	1.3540756238797547
0.259366	6.1512333333330105	1.3461724238043713
0.259663	7.063148809523341	1.3499859400332326
0.259959	5.794535119047595	1.3559563169872804
0.260256	5.461773214285444	1.3476678965024513
0.260553	7.9254928571427286	1.3522522298162973
0.260849	6.96098690476191	1.348129968994636
0.261146	6.443972619047571	1.3501375604862111
0.261443	6.222730357143007	1.3504113421731225
0.26174	5.280941666666479	1.345737234296819
0.262036	7.638748809523577	1.3599543410945294
0.262333	6.005497023809454	1.3475798936821342
0.26263	7.05234583333322	1.3552890610771229
0.262927	7.588151190476253	1.346579846950902
0.263223	6.388502976190296	1.3562643835967512
0.26352	7.447829761904359	1.3576164097985133
0.263817	4.5125958333332505	1.3561123629374716
0.264114	8.988336309523959	1.3532979453951575
0.26441	8.4086077380951	1.3449214791836137
0.264707	6.8804773809520725	1.3578248849825156
0.265004	4.869299999999868	1.3433263818889285
0.265301	3.790274999999923	1.356936532828512
0.265597	8.399342261904508	1.3596106707333306
0.265894	5.608879166666867	1.3492413122897193
0.266191	4.818929166666663	1.3501214331759441
0.266487	5.049714880952649	1.3504117410528902
0.266784	8.959878571428419	1.3536237814363272
0.267081	5.160149404761967	1.3593902271651466
0.267378	4.858976190475772	1.3422841672727415
0.267674	5.612259523809513	1.3657278599802927
0.267971	6.30067916666647	1.3356333759426608
0.268268	8.413167857143122	1.3546949794019083
0.268565	4.432325595237927	1.3567289252648653
0.268861	4.73321488095209	1.3503923641449558
0.269158	3.8988398809523517	1.3560616977694084
0.269455	5.893080357142821	1.339915108801334
0.269752	5.862211309523957	1.3541798385947657
0.270048	6.4545559523809	1.3428604015883234
0.270345	5.414308333333366	1.3503457145250255
0.270642	4.209129166666656	1.3589167873898562
0.270938	5.026626785714257	1.3460597250708912
0.271235	5.183986309523618	1.353186951285066
0.271532	7.104817261904657	1.3436734478891321
0.271829	4.0514982142858	1.3423793685452767
0.272125	2.915763690476041	1.3546211808728168
0.272422	5.705523809523783	1.3468480768063227
0.272719	5.947081547618893	1.354650961208066
0.273016	7.0302845238093425	1.3410046328025684
0.273312	5.9032511904761975	1.350124339012269
0.273609	6.492113095238068	1.3392031892921596
0.273906	10.35296964285692	1.3501805098138093
0.274203	5.109360714285742	1.3528361187737388
0.274499	5.0077005952380205	1.3406726421314636
0.274796	5.9086464285717	1.348752210542771
0.275093	7.666016071428459	1.343965773608272
0.275389	6.691839285714138	1.3435488270913667
0.275686	3.968078571428606	1.3472485527235722
0.275983	6.563805357143195	1.3460361116985733
0.27628	7.007470238095124	1.349085337070519
0.276576	7.265932142857139	1.341388339315384
0.276873	6.028208333333112	1.3456370609427815
0.27717	7.15528154761941	1.3409632378789282
0.277467	4.76391130952365	1.3440434236899166
0.277763	4.954258928571278	1.355255065753769
0.27806	4.94568571428573	1.3351417288952558
0.278357	7.285071428571115	1.3503337432443439
0.278654	4.189444642857154	1.3427084264043367
0.27895	6.4249934523807894	1.3416547623478416
0.279247	7.574235714285464	1.3510369031419112
0.279544	5.743752976190564	1.3382693487909816
0.279841	5.265489285714295	1.3482417269657951
0.280137	4.0978660714282	1.3414487507519677
0.280434	6.24087380952389	1.3506813681743641
0.280731	4.587543452380771	1.3394110433841966
0.281027	6.058413690475959	1.3493869956113431
0.281324	4.8701523809522484	1.3964278068959781
0.281621	5.266269642857111	1.4149695075736388
0.281918	5.339146428571411	1.4379918187794691
0.282214	4.691754761904718	1.4475973083191638
0.282511	6.82973095238097	1.434455473935018
0.282808	6.25795595238074	1.467894787540055
0.283105	5.341260119047462	1.4570337671535183
0.283401	6.322262500000164	1.4686750535666646
0.283698	4.063370833333266	1.4600889383382711
0.283995	6.675286309523756	1.4846079799339291
0.284292	4.954359523809444	1.4799479322313327
0.284588	4.283277976190192	1.4917433306879313
0.284885	6.54503988095243	1.492513207015997
0.285182	4.7585934523809215	1.4914941587097987
0.285478	5.544438095238178	1.5116890247140686
0.285775	5.003580952380844	1.5034872962982497
0.286072	5.581819047619234	1.5123185614417232
0.286369	4.917817857142808	1.5167739406388723
0.286665	4.286486904761659	1.519576471401527
0.286962	5.386877976190618	1.529568262565829
0.287259	5.844360714285557	1.5203996323241649
0.287556	6.987138690475945	1.5328628158108206
0.287852	3.9418446428568643	1.5559289623590908
0.288149	4.799413095238236	1.5180631370846327
0.288446	7.700697619047503	1.5646677403505365
0.288743	4.733384523809718	1.5322582006489567
0.289039	8.323322023809396	1.5625282919460353
0.289336	5.800591071428585	1.555724033826026
0.289633	3.876414880952268	1.5620501938417386
0.289929	4.387263690476146	1.5797442820221987
0.290226	4.249799404761632	1.551670629591766
0.290523	7.332699404762053	1.5713649573083275
0.29082	7.5795994047618365	1.577031105554919
0.291116	5.8942541666667125	1.5862931199636545
0.291413	3.5751125000000172	1.5922333885088582
0.29171	6.815857738095161	1.5786896584066206
0.292007	7.861780952381139	1.5898900789878199
0.292303	7.503674999999959	1.5966172706235957
0.2926	7.716785714285663	1.5959978104305255
0.292897	6.227011904761923	1.610839629059827
0.293194	6.9903589285716805	1.5992995962722687
0.29349	6.3270023809525355	1.6230466256573017
0.293787	5.2520184523807245	1.598328430157486
0.294084	4.308655357142754	1.620547955580911
0.294381	3.5906714285712837	1.6157104610834727
0.294677	2.831801190476284	1.630141540470881
0.294974	7.07237321428579	1.6289768473485564
0.295271	8.562643452381167	1.6182862422810356
0.295567	6.326764880952567	1.6358034057748365
0.295864	5.236180357142928	1.6390444908242312
0.296161	6.6300047619047575	1.6453289144551722
0.296458	6.7589928571429425	1.6438020960648057
0.296754	3.016108333333136	1.6308521616068141
0.297051	6.4839761904758575	1.6532909905227986
0.297348	5.075402380952454	1.6335846421941516
0.297645	3.9472291666666592	1.6473217551217
0.297941	5.531144047618994	1.643331093869166
0.298238	4.721872619047502	1.6401099855943357
0.298535	5.7367321428569085	1.6646413851382809
0.298832	7.208704166666848	1.6376003833097175
0.299128	6.232008333332999	1.6638759959179181
0.299425	4.37333333333342	1.6459097232924336
0.299722	5.82537500000015	1.6675079197830875
0.300018	5.507073809523746	1.6726937003536568
0.300315	3.8906839285712636	1.6585856740323182
0.300612	7.85997738095233	1.6794216876299408
0.300909	4.249227976190468	1.6707162347054147
0.301205	6.444748809523588	1.682850773179444
0.301502	6.7999874999996734	1.68187571097974
0.301799	6.524585714285678	1.6841352833033019
0.302096	6.24830714285693	1.7093381044927771
0.302392	5.629974404761953	1.679759765883915
0.302689	6.2255160714283875	1.7006260806198417
0.302986	5.118641666666406	1.6911697115719257
0.303283	3.3179648809522178	1.699013391821814
0.303579	4.26891904761888	1.7277516519862646
0.303876	0.5705374999996593	1.6899191256618165
0.304173	8.53513214285698	1.7267526401142388
0.304469	2.4745952380952474	1.7010966829738319
0.304766	7.665808333333075	1.7245775128851752
0.305063	4.168801785714038	1.722553553473403
0.30536	1.4275089285715126	1.7195884721272714
0.305656	4.153528571428637	1.7455187386683018
0.305953	6.030819047618934	1.7205251832768322
0.30625	9.38621190476212	1.7386676778843355
0.306547	6.156620833333193	1.7350692822439162
0.306843	3.9363630952382778	1.747947418202308
0.30714	4.986397619047693	1.7633270206951768
0.307437	6.369555357142644	1.7358436954797507
0.307734	5.186732738095117	1.7583237421503832
0.30803	5.608600595238187	1.7528023371876609
0.308327	4.96234583333333	1.7616468260479057
0.308624	3.4394071428570783	1.7869022440251172
0.308921	2.8306785714285354	1.7457258187778142
0.309217	4.664450000000215	1.7836356712576975
0.309514	6.530839285714194	1.7614939525493005
0.309811	4.217212500000045	1.7863368723686257
0.310107	4.753604166666463	1.7844127824532978
0.310404	3.4570928571426407	1.7801194083273764
0.310701	2.65278095238088	1.7887542551088726
0.310998	3.526633333333251	1.7955876630553582
0.311294	2.2876821428570793	1.7983150042362759
0.311591	5.154612500000297	1.79443122329658
0.311888	5.44620892857111	1.7891794313560756
0.312185	4.669237499999923	1.8018891367872556
0.312481	3.4021380952378877	1.7988237975811863
0.312778	4.314114285714368	1.8150264203506299
0.313075	3.8601267857144705	1.8181998873900413
0.313372	4.013960714285929	1.809320381333994
0.313668	1.9724952380950356	1.8257574950662812
0.313965	5.1314142857143	1.8166959458462166
0.314262	7.615841071428662	1.8312592487628079
0.314558	5.328208928571314	1.8268683877248415
0.314855	6.574328571428225	1.828119646712467
0.315152	2.7423999999999182	1.8458292818584974
0.315449	8.98630476190462	1.8311450504402518
0.315745	5.376576785714349	1.846946922064245
0.316042	3.819663690476034	1.8451374900218172
0.316339	5.134897023809373	1.8493990225833574
0.316636	4.01156904761919	1.856158681915838
0.316932	6.008016666666407	1.8531012185224924
0.317229	3.934414285714496	1.8620531043229875
0.317526	5.655016071428349	1.8550262319733188
0.317823	6.220089285714039	1.8717751436111278
0.318119	7.368019047619185	1.8753932459448932
0.318416	5.9096726190476545	1.8812762639305844
0.318713	5.512876785713843	1.876042312980095
0.319009	7.55259404761901	1.8926325409883058
0.319306	3.514464880952488	1.8935846234376967
0.319603	2.8444785714285103	1.8916802704545792
0.3199	4.380916666666366	1.9229452013457282
0.320196	3.2297761904762012	1.8891088504806652
0.320493	4.340619047618901	1.9170661309487467
0.32079	1.9963458333332085	1.9344501085809744
0.321087	2.838698214285529	1.906193761017546
0.321383	3.2126124999999206	1.9424214022039312
0.32168	3.7008315476192877	1.9110430942508825
0.321977	6.096912500000116	1.9462040181150488
0.322274	3.3499458333334076	1.9388926542803766
0.32257	6.245830952380942	1.9222492377330125
0.322867	9.683881547618824	1.9545249793686745
0.323164	3.8773303571426254	1.9143715076101788
0.323461	4.237384523809311	1.9577776055170268
0.323757	5.497647023809691	1.929823849847678
0.324054	4.416311309523877	1.9413904294302298
0.324351	4.568789285714132	1.962793382087484
0.324647	3.4480452380950055	1.919746730954211
0.324944	5.97288928571416	1.9730592408225984
0.325241	6.939289880952231	1.9486300656716102
0.325538	2.7003946428571624	1.9755326253355296
0.325834	2.9814511904761787	1.9709397699407942
0.326131	5.255545238095465	1.9525580361101949
0.326428	5.951033333333555	2.0027039147196293
0.326725	2.08973392857132	1.9748882857192815
0.327021	7.336816666666834	2.005221350701016
0.327318	5.749941071428424	1.9856688974516732
0.327615	4.496740476190553	2.0014782003219107
0.327912	6.846157142857123	2.0290406302932653
0.328208	5.454252380952198	1.9902100509505436
0.328505	4.275653571428393	2.033033728843294
0.328802	5.945610714285863	2.0073749624880186
0.329098	2.420474999999982	2.0325315232957015
0.329395	4.8783232142857	2.055565855697682
0.329692	6.670351190476254	2.0236459703710827
0.329989	6.5009297619046436	2.0598003636043507
0.330285	4.033138095237945	2.020892710564663
0.330582	5.366352380952151	2.076025210946458
0.330879	7.502901785714471	2.059852285570518
0.331176	5.7912053571426725	2.065849076325633
0.331472	2.380641071428613	2.0982037691771427
0.331769	2.07980297619045	2.0470567020088843
0.332066	8.970293452380673	2.1028420854578247
0.332363	4.391056547618888	2.0903929972075637
0.332659	6.531022619047349	2.087831488032247
0.332956	3.120491666666396	2.1320238082013128
0.333253	3.265805952380987	2.0768018987237236
0.333549	1.8800422619045776	2.1328057330892296
0.333846	0.19577083333331302	2.109249549190225
0.334143	5.4466619047616405	2.1304607321557683
0.33444	5.3650660714284015	2.1510560154899876
0.334736	2.978458928571399	2.111335301879568
0.335033	2.280045238095454	2.1762150527310786
0.33533	5.623875595237706	2.125025150709216
0.335627	7.352812499999999	2.168023320064677
0.335923	2.255411904761786	2.1529948155379692
0.33622	2.037431547619235	2.1697734171769474
0.336517	2.3467749999997523	2.21230134770401
0.336814	4.4562255952379815	2.147670673792051
0.33711	1.1472797619049402	2.205800746474527
0.337407	3.144038095238102	2.1780036108459884
0.337704	2.3634255952380556	2.20209393420765
0.338	5.369815476190354	2.250857566336682
0.338297	1.7058470238093548	2.1705091998031794
0.338594	3.946927380952161	2.2416319028078635
0.338891	0.7751994047619348	2.2067159274376182
0.339187	2.979924404761647	2.238307993095597
0.339484	5.726733333333414	2.2381991614126355
0.339781	5.330527976190496	2.2446482868283555
0.340078	2.1257958333335125	2.2954662557758363
0.340374	4.382198214285751	2.226054250906145
0.340671	5.358282142857433	2.294086707531777
0.340968	3.603483333333628	2.274010457084353
0.341265	7.293360119047492	2.2894484425018806
0.341561	3.7404440476187517	2.3444819526417757
0.341858	2.9245196428571774	2.263814811197395
0.342155	4.3647523809526945	2.345018583918133
0.342452	5.207667857143008	2.296966789639407
0.342748	4.216131547619	2.3485914445995935
0.343045	1.9341130952381036	2.3500846441025396
0.343342	3.378423214285391	2.33571962476587
0.343638	2.379702976190572	2.398817568636572
0.343935	5.891155952380842	2.3374180707317254
0.344232	4.783255357142622	2.39123490672191
0.344529	4.964822023809461	2.382982576952568
0.344825	6.510499404762129	2.3974335051946882
0.345122	7.708904166666883	2.4471096469690408
0.345419	6.741176785713918	2.3779420338290373
0.345716	4.62814999999992	2.462229721539697
0.346012	4.319944047619231	2.4037737457948243
0.346309	4.9448666666664565	2.4642240693893127
0.346606	8.086341071428507	2.4903860431550755
0.346903	2.9584874999997623	2.4215394160331707
0.347199	5.396446428571124	2.522173980849505
0.347496	0.14268095238094247	2.448755498391438
0.347793	5.764384523809554	2.5277943440606085
0.348089	0.5956184523809327	2.5080994006046398
0.348386	5.966044047618766	2.511200169029388
0.348683	6.203834523809348	2.5748158228529014
0.34898	2.8992303571429545	2.4957973627379886
0.349276	6.145370833333033	2.598434168382769
0.349573	4.166357142857038	2.535261989936473
0.34987	3.036201785713928	2.5933447740521363
0.350167	2.646374999999921	2.6421055164980034
0.350463	5.494485119047567	2.534603790059079
0.35076	6.708210119047635	2.646935734953294
0.351057	5.722395238095288	2.588303108054367
0.351354	3.527176785714232	2.6699875464582012
0.35165	3.7097499999998718	2.6472252937846683
0.351947	4.837951785714409	2.655369804426808
0.352244	0.9528190476189025	2.7296629470883738
0.35254	3.8025922619048913	2.6370309563651064
0.352837	6.831182738095265	2.7373900118836634
0.353134	8.444284523809387	2.6951630427189004
0.353431	8.613905952380918	2.745560560543229
0.353727	3.817811309523762	2.8007857112117893
0.354024	6.196092857142759	2.684569894300522
0.354321	4.4662142857144715	2.827561464196488
0.354618	4.077001190475897	2.7388254902456683
0.354914	7.782910714285833	2.825598925276555
0.355211	5.313495238095385	2.8666657252697303
0.355508	3.0444761904760753	2.7756419054579675
0.355805	3.791661309523988	2.902319920045519
0.356101	1.0359351190476218	2.8097762879641413
0.356398	5.422023214285616	2.917692821557694
0.356695	10.921031547619151	2.8710808908218945
0.356992	5.254611309523796	2.879402421419254
0.357288	2.5588696428569335	2.974324238280626
0.357585	10.469323214285566	2.8223248980658333
0.357882	4.579823809523589	2.957180795235482
0.358178	1.0966142857144234	2.865178546251883
0.358475	9.033933333333408	2.940729411542064
0.358772	5.100925595237982	3.0186028249479486
0.359069	-0.7487267857145241	2.8248862469203857
0.359365	5.397842857142905	3.000076190562693
0.359662	5.115124999999665	2.8739499949419485
0.359959	7.39120059523799	2.978055690133485
0.360256	2.60329583333359	2.985722201561736
0.360552	2.767377380952354	2.968445190474582
0.360849	5.282595238095098	3.052137750928309
0.361146	0.9989476190473567	2.9451321092225418
0.361443	3.273637500000035	3.106399528169246
0.361739	3.5497785714285612	3.0315863882465033
0.362036	5.242565476190464	3.093909749527039
0.362333	1.0365654761903897	3.1959399994764452
0.362629	6.2804803571427215	3.0048919727047085
0.362926	0.6898363095240256	3.2231466680255734
0.363223	3.0797005952381085	3.099458264607959
0.36352	7.04387678571436	3.2170996986377975
0.363816	2.3688666666664915	3.2299371737840517
0.364113	-0.735795238095136	3.19011242823182
0.36441	4.37469166666645	3.3526292215560467
0.364707	3.466838095238245	3.189247544990021
0.365003	7.535551785714176	3.3957641002857493
0.3653	1.1394791666667459	3.3182017426937778
0.365597	4.731293452380925	3.381099833867193
0.365894	3.2881541666665726	3.5460174051637976
0.36619	10.919079166666563	3.3089275412732295
0.366487	4.420845833333686	3.608232551594864
0.366784	4.028726785713985	3.440422529336718
0.36708	1.6457738095238028	3.573496978935742
0.367377	3.5328059523811817	3.759495019898691
0.367674	3.5833988095238567	3.477884692791904
0.367971	1.83284345238107	3.8090187578998274
0.368267	2.7005130952377954	3.5866410581283166
0.368564	7.80852380952382	3.8185751652468225
0.368861	18.1337535714286	3.7879153534817522
0.369158	5.891216071428573	3.81752231531342
0.369454	8.646039880952543	4.058702970464676
0.369751	7.644860714285642	3.7632801791960673
0.370048	6.392673809523615	4.053711549285733
0.370345	7.5616285714284	3.9654040331733746
0.370641	4.617338095238068	4.084720343104824
0.370938	2.959078571428506	4.418514289737438
0.371235	2.5021529761903594	3.894184741566971
0.371532	12.066973214285639	4.46995418480361
0.371828	7.905914880952309	4.029764877287253
0.372125	2.1021845238095693	4.516987506405274
0.372422	7.120638690476255	4.405987898640319
0.372718	5.426900000000074	4.366985405098699
0.373015	6.653180357142787	4.7886890244794555
0.373312	9.542740476190659	4.32932940402682
0.373609	3.5920577380950647	4.817238774917611
0.373905	5.812560714285553	4.640468223916819
0.374202	7.449897023809484	4.836773557149909
0.374499	9.928017261904785	5.221162539805199
0.374796	4.807857142857301	4.67645062591083
0.375092	8.578116666666773	5.360701746485777
0.375389	2.2746511904765043	5.034382791164492
0.375686	0.10102738095241648	5.322751796023496
0.375983	6.646670833333559	5.6046269484353175
0.376279	8.108345238095609	5.3052904348430365
0.376576	2.615973214285674	5.761587852213566
0.376873	5.726473809523327	5.740916396676
0.377169	-2.202396428571518	5.949183655844522
0.377466	9.474413095237963	6.330848768220939
0.377763	6.077425595237997	6.0381517944584875
0.37806	-5.093657142856927	6.673847239673716
0.378356	2.6689148809524	6.721016495119586
0.378653	-0.8097761904764411	6.748558991830473
0.37895	3.6250101190475448	7.244208567525437
0.379247	8.047147619047763	7.737348321536551
0.379543	4.563242857142882	7.534090145452995
0.37984	-2.5340261904763395	8.889788311619881
0.380137	10.991564880952183	9.025164118164476
0.380434	2.075130952380846	9.4311417189477
0.38073	23.973595833333263	10.277359442093472