# robin saxs scatter average SAXS profile
# topology: pnt_STARLING.pdb
# trajectory: pnt_STARLING.xtc
# frames used: 600
# selection: not element H
# c1=1.0  c2=2.0
# q (Å⁻¹)          I(q)                σ(I)
  5.0000000000e-03   6.8171184583e+05   1.9005787571e+03
  1.0000000000e-02   6.2607138000e+05   1.5680833232e+03
  1.5000000000e-02   5.4677181583e+05   1.8223614859e+03
  2.0000000000e-02   4.5839151458e+05   2.3474281539e+03
  2.5000000000e-02   3.7347117333e+05   2.6215724126e+03
  3.0000000000e-02   2.9979855625e+05   2.5563802985e+03
  3.5000000000e-02   2.4021891271e+05   2.2659203063e+03
  4.0000000000e-02   1.9408094156e+05   1.8907097216e+03
  4.5000000000e-02   1.5905984161e+05   1.5247717722e+03
  5.0000000000e-02   1.3252213750e+05   1.2131133270e+03
  5.5000000000e-02   1.1220573250e+05   9.6965284389e+02
  6.0000000000e-02   9.6390155573e+04   7.8970618642e+02
  6.5000000000e-02   8.3826761250e+04   6.5898441000e+02
  7.0000000000e-02   7.3622243021e+04   5.6305088413e+02
  7.5000000000e-02   6.5154858854e+04   4.9154776256e+02
  8.0000000000e-02   5.8015745417e+04   4.3556038751e+02
  8.5000000000e-02   5.1952034896e+04   3.8764083574e+02
  9.0000000000e-02   4.6802499349e+04   3.4442355165e+02
  9.5000000000e-02   4.2440810026e+04   3.0601667299e+02
  1.0000000000e-01   3.8741871120e+04   2.7292311484e+02
  1.0500000000e-01   3.5576841771e+04   2.4459822307e+02
  1.1000000000e-01   3.2827151706e+04   2.2009360837e+02
  1.1500000000e-01   3.0401813164e+04   1.9880936409e+02
  1.2000000000e-01   2.8242317266e+04   1.8044524288e+02
  1.2500000000e-01   2.6312401680e+04   1.6443334913e+02
  1.3000000000e-01   2.4583089648e+04   1.5004492519e+02
  1.3500000000e-01   2.3027292148e+04   1.3705720293e+02
  1.4000000000e-01   2.1623088802e+04   1.2556804023e+02
  1.4500000000e-01   2.0354668034e+04   1.1539956153e+02
  1.5000000000e-01   1.9206917826e+04   1.0633327736e+02
  1.5500000000e-01   1.8162711380e+04   9.8345729027e+01
  1.6000000000e-01   1.7207281940e+04   9.1234706790e+01
  1.6500000000e-01   1.6333468034e+04   8.4705002503e+01
  1.7000000000e-01   1.5539704036e+04   7.8767788394e+01
  1.7500000000e-01   1.4822879349e+04   7.3676277757e+01
  1.8000000000e-01   1.4174703789e+04   6.9493903553e+01
  1.8500000000e-01   1.3584432376e+04   6.5933198751e+01
  1.9000000000e-01   1.3043475820e+04   6.2707070329e+01
  1.9500000000e-01   1.2546413464e+04   5.9706628988e+01
  2.0000000000e-01   1.2088156895e+04   5.6849009691e+01
  2.0500000000e-01   1.1662349395e+04   5.4073549078e+01
  2.1000000000e-01   1.1263148835e+04   5.1410134959e+01
  2.1500000000e-01   1.0887941016e+04   4.8889126878e+01
  2.2000000000e-01   1.0536884564e+04   4.6491356887e+01
  2.2500000000e-01   1.0209956094e+04   4.4213848857e+01
  2.3000000000e-01   9.9052038542e+03   4.2095194302e+01
  2.3500000000e-01   9.6194591016e+03   4.0175798855e+01
  2.4000000000e-01   9.3497167057e+03   3.8455057887e+01
  2.4500000000e-01   9.0938755143e+03   3.6890475696e+01
  2.5000000000e-01   8.8505275586e+03   3.5417843940e+01
  2.5500000000e-01   8.6187321549e+03   3.3985205653e+01
  2.6000000000e-01   8.3981220964e+03   3.2622455402e+01
  2.6500000000e-01   8.1893053060e+03   3.1430528232e+01
  2.7000000000e-01   7.9936451237e+03   3.0470578984e+01
  2.7500000000e-01   7.8122835221e+03   2.9726646481e+01
  2.8000000000e-01   7.6449226172e+03   2.9145594799e+01
  2.8500000000e-01   7.4894377865e+03   2.8650481347e+01
  2.9000000000e-01   7.3425640951e+03   2.8164848749e+01
  2.9500000000e-01   7.2009294206e+03   2.7641806252e+01
  3.0000000000e-01   7.0622044857e+03   2.7054387803e+01
  3.0500000000e-01   6.9258139648e+03   2.6389696712e+01
  3.1000000000e-01   6.7927822461e+03   2.5646303424e+01
  3.1500000000e-01   6.6648115234e+03   2.4827748958e+01
  3.2000000000e-01   6.5430116016e+03   2.3965734754e+01
  3.2500000000e-01   6.4270818164e+03   2.3135995781e+01
  3.3000000000e-01   6.3156056608e+03   2.2406203605e+01
  3.3500000000e-01   6.2071603255e+03   2.1774159786e+01
  3.4000000000e-01   6.1013271647e+03   2.1201486896e+01
  3.4500000000e-01   5.9986835319e+03   2.0683045712e+01
  3.5000000000e-01   5.9000514095e+03   2.0241870917e+01
  3.5500000000e-01   5.8058997949e+03   1.9869484166e+01
  3.6000000000e-01   5.7164342025e+03   1.9515982850e+01
  3.6500000000e-01   5.6315586328e+03   1.9147023323e+01
  3.7000000000e-01   5.5506457845e+03   1.8763245431e+01
  3.7500000000e-01   5.4725037760e+03   1.8381660660e+01
  3.8000000000e-01   5.3960201693e+03   1.8027391037e+01
  3.8500000000e-01   5.3208578092e+03   1.7711839404e+01
  3.9000000000e-01   5.2476894629e+03   1.7417449091e+01
  3.9500000000e-01   5.1775825228e+03   1.7127553609e+01
  4.0000000000e-01   5.1111975033e+03   1.6838868395e+01
  4.0500000000e-01   5.0482183952e+03   1.6538286221e+01
  4.1000000000e-01   4.9877323698e+03   1.6203124429e+01
  4.1500000000e-01   4.9290284245e+03   1.5828277297e+01
  4.2000000000e-01   4.8720957975e+03   1.5440910081e+01
  4.2500000000e-01   4.8173233919e+03   1.5087187393e+01
  4.3000000000e-01   4.7649542806e+03   1.4798008693e+01
  4.3500000000e-01   4.7146236230e+03   1.4568820917e+01
  4.4000000000e-01   4.6654750260e+03   1.4370919426e+01
  4.4500000000e-01   4.6167850944e+03   1.4177895410e+01
  4.5000000000e-01   4.5684167383e+03   1.3987332202e+01
  4.5500000000e-01   4.5208803646e+03   1.3812432681e+01
  4.6000000000e-01   4.4747583854e+03   1.3659177019e+01
  4.6500000000e-01   4.4302339258e+03   1.3516419801e+01
  4.7000000000e-01   4.3869583496e+03   1.3357668079e+01
  4.7500000000e-01   4.3444802051e+03   1.3164277900e+01
  4.8000000000e-01   4.3026324316e+03   1.2948440697e+01
  4.8500000000e-01   4.2616695378e+03   1.2740597563e+01
  4.9000000000e-01   4.2220100879e+03   1.2561843800e+01
  4.9500000000e-01   4.1838097917e+03   1.2413465301e+01
  5.0000000000e-01   4.1467765299e+03   1.2288311637e+01
