# robin saxs scatter per-frame SAXS profile
# topology: pnt_STARLING.pdb
# trajectory: pnt_STARLING.xtc
# frame: 437 (original trajectory frame 437)
# selection: not element H
# c1=1.0  c2=2.0
# q (Å⁻¹)          I(q)
  5.0000000000e-03   7.6682750000e+05
  1.0000000000e-02   6.8520400000e+05
  1.5000000000e-02   5.7353500000e+05
  2.0000000000e-02   4.5757375000e+05
  2.5000000000e-02   3.5768875000e+05
  3.0000000000e-02   2.8327637500e+05
  3.5000000000e-02   2.3301337500e+05
  4.0000000000e-02   1.9946700000e+05
  4.5000000000e-02   1.7463925000e+05
  5.0000000000e-02   1.5350206250e+05
  5.5000000000e-02   1.3449656250e+05
  6.0000000000e-02   1.1799231250e+05
  6.5000000000e-02   1.0444393750e+05
  7.0000000000e-02   9.3489125000e+04
  7.5000000000e-02   8.4130750000e+04
  8.0000000000e-02   7.5424062500e+04
  8.5000000000e-02   6.6990250000e+04
  9.0000000000e-02   5.9062875000e+04
  9.5000000000e-02   5.2181000000e+04
  1.0000000000e-01   4.6791625000e+04
  1.0500000000e-01   4.2978000000e+04
  1.1000000000e-01   4.0392406250e+04
  1.1500000000e-01   3.8389531250e+04
  1.2000000000e-01   3.6296593750e+04
  1.2500000000e-01   3.3699875000e+04
  1.3000000000e-01   3.0612140625e+04
  1.3500000000e-01   2.7417781250e+04
  1.4000000000e-01   2.4622921875e+04
  1.4500000000e-01   2.2554687500e+04
  1.5000000000e-01   2.1190734375e+04
  1.5500000000e-01   2.0212328125e+04
  1.6000000000e-01   1.9224171875e+04
  1.6500000000e-01   1.7987031250e+04
  1.7000000000e-01   1.6519796875e+04
  1.7500000000e-01   1.5032562500e+04
  1.8000000000e-01   1.3765492188e+04
  1.8500000000e-01   1.2851085938e+04
  1.9000000000e-01   1.2274125000e+04
  1.9500000000e-01   1.1924218750e+04
  2.0000000000e-01   1.1677101562e+04
  2.0500000000e-01   1.1445578125e+04
  2.1000000000e-01   1.1182296875e+04
  2.1500000000e-01   1.0860671875e+04
  2.2000000000e-01   1.0466125000e+04
  2.2500000000e-01   1.0006406250e+04
  2.3000000000e-01   9.5244179688e+03
  2.3500000000e-01   9.0909140625e+03
  2.4000000000e-01   8.7755546875e+03
  2.4500000000e-01   8.6141523438e+03
  2.5000000000e-01   8.5937617188e+03
  2.5500000000e-01   8.6606328125e+03
  2.6000000000e-01   8.7420468750e+03
  2.6500000000e-01   8.7686953125e+03
  2.7000000000e-01   8.6926796875e+03
  2.7500000000e-01   8.5013554688e+03
  2.8000000000e-01   8.2220820312e+03
  2.8500000000e-01   7.9097968750e+03
  2.9000000000e-01   7.6170117188e+03
  2.9500000000e-01   7.3629687500e+03
  3.0000000000e-01   7.1278437500e+03
  3.0500000000e-01   6.8801484375e+03
  3.1000000000e-01   6.6183359375e+03
  3.1500000000e-01   6.3869375000e+03
  3.2000000000e-01   6.2477226562e+03
  3.2500000000e-01   6.2251562500e+03
  3.3000000000e-01   6.2729414062e+03
  3.3500000000e-01   6.2942382812e+03
  3.4000000000e-01   6.2046953125e+03
  3.4500000000e-01   5.9887187500e+03
  3.5000000000e-01   5.7055078125e+03
  3.5500000000e-01   5.4416054688e+03
  3.6000000000e-01   5.2510000000e+03
  3.6500000000e-01   5.1281757812e+03
  3.7000000000e-01   5.0297187500e+03
  3.7500000000e-01   4.9190703125e+03
  3.8000000000e-01   4.7963710938e+03
  3.8500000000e-01   4.6934335938e+03
  3.9000000000e-01   4.6449199219e+03
  3.9500000000e-01   4.6619726562e+03
  4.0000000000e-01   4.7262656250e+03
  4.0500000000e-01   4.8038281250e+03
  4.1000000000e-01   4.8648222656e+03
  4.1500000000e-01   4.8967460938e+03
  4.2000000000e-01   4.9059375000e+03
  4.2500000000e-01   4.9090976562e+03
  4.3000000000e-01   4.9204726562e+03
  4.3500000000e-01   4.9412089844e+03
  4.4000000000e-01   4.9574335938e+03
  4.4500000000e-01   4.9497500000e+03
  4.5000000000e-01   4.9083261719e+03
  4.5500000000e-01   4.8428886719e+03
  4.6000000000e-01   4.7783085938e+03
  4.6500000000e-01   4.7381601562e+03
  4.7000000000e-01   4.7289218750e+03
  4.7500000000e-01   4.7377128906e+03
  4.8000000000e-01   4.7454257812e+03
  4.8500000000e-01   4.7439062500e+03
  4.9000000000e-01   4.7424062500e+03
  4.9500000000e-01   4.7577343750e+03
  5.0000000000e-01   4.7967304688e+03
