# robin saxs scatter per-frame SAXS profile
# topology: pnt_STARLING.pdb
# trajectory: pnt_STARLING.xtc
# frame: 294 (original trajectory frame 294)
# selection: not element H
# c1=1.0  c2=2.0
# q (Å⁻¹)          I(q)
  5.0000000000e-03   6.8419850000e+05
  1.0000000000e-02   6.5386500000e+05
  1.5000000000e-02   6.0642375000e+05
  2.0000000000e-02   5.4606150000e+05
  2.5000000000e-02   4.7783700000e+05
  3.0000000000e-02   4.0698200000e+05
  3.5000000000e-02   3.3828825000e+05
  4.0000000000e-02   2.7559862500e+05
  4.5000000000e-02   2.2149987500e+05
  5.0000000000e-02   1.7722550000e+05
  5.5000000000e-02   1.4277581250e+05
  6.0000000000e-02   1.1718543750e+05
  6.5000000000e-02   9.8889312500e+04
  7.0000000000e-02   8.6085625000e+04
  7.5000000000e-02   7.7050750000e+04
  8.0000000000e-02   7.0353312500e+04
  8.5000000000e-02   6.4957625000e+04
  9.0000000000e-02   6.0219625000e+04
  9.5000000000e-02   5.5816281250e+04
  1.0000000000e-01   5.1634937500e+04
  1.0500000000e-01   4.7665156250e+04
  1.1000000000e-01   4.3916343750e+04
  1.1500000000e-01   4.0375468750e+04
  1.2000000000e-01   3.6999875000e+04
  1.2500000000e-01   3.3736484375e+04
  1.3000000000e-01   3.0549937500e+04
  1.3500000000e-01   2.7444031250e+04
  1.4000000000e-01   2.4468546875e+04
  1.4500000000e-01   2.1708265625e+04
  1.5000000000e-01   1.9258921875e+04
  1.5500000000e-01   1.7198750000e+04
  1.6000000000e-01   1.5565054688e+04
  1.6500000000e-01   1.4342257812e+04
  1.7000000000e-01   1.3465367188e+04
  1.7500000000e-01   1.2834460938e+04
  1.8000000000e-01   1.2338593750e+04
  1.8500000000e-01   1.1878796875e+04
  1.9000000000e-01   1.1385765625e+04
  1.9500000000e-01   1.0828367188e+04
  2.0000000000e-01   1.0211937500e+04
  2.0500000000e-01   9.5679843750e+03
  2.1000000000e-01   8.9402265625e+03
  2.1500000000e-01   8.3707187500e+03
  2.2000000000e-01   7.8895742188e+03
  2.2500000000e-01   7.5101992188e+03
  2.3000000000e-01   7.2302265625e+03
  2.3500000000e-01   7.0361093750e+03
  2.4000000000e-01   6.9092265625e+03
  2.4500000000e-01   6.8317929688e+03
  2.5000000000e-01   6.7902539062e+03
  2.5500000000e-01   6.7759531250e+03
  2.6000000000e-01   6.7841523438e+03
  2.6500000000e-01   6.8114257812e+03
  2.7000000000e-01   6.8532812500e+03
  2.7500000000e-01   6.9028320312e+03
  2.8000000000e-01   6.9507578125e+03
  2.8500000000e-01   6.9864414062e+03
  2.9000000000e-01   6.9998359375e+03
  2.9500000000e-01   6.9834453125e+03
  3.0000000000e-01   6.9335195312e+03
  3.0500000000e-01   6.8503515625e+03
  3.1000000000e-01   6.7381093750e+03
  3.1500000000e-01   6.6033359375e+03
  3.2000000000e-01   6.4537460938e+03
  3.2500000000e-01   6.2966250000e+03
  3.3000000000e-01   6.1379765625e+03
  3.3500000000e-01   5.9818710938e+03
  3.4000000000e-01   5.8304492188e+03
  3.4500000000e-01   5.6844492188e+03
  3.5000000000e-01   5.5437812500e+03
  3.5500000000e-01   5.4084335938e+03
  3.6000000000e-01   5.2791796875e+03
  3.6500000000e-01   5.1580546875e+03
  3.7000000000e-01   5.0483203125e+03
  3.7500000000e-01   4.9543359375e+03
  3.8000000000e-01   4.8805078125e+03
  3.8500000000e-01   4.8304921875e+03
  3.9000000000e-01   4.8058789062e+03
  3.9500000000e-01   4.8054375000e+03
  4.0000000000e-01   4.8246093750e+03
  4.0500000000e-01   4.8557968750e+03
  4.1000000000e-01   4.8892656250e+03
  4.1500000000e-01   4.9146132812e+03
  4.2000000000e-01   4.9224042969e+03
  4.2500000000e-01   4.9057382812e+03
  4.3000000000e-01   4.8613574219e+03
  4.3500000000e-01   4.7900585938e+03
  4.4000000000e-01   4.6962109375e+03
  4.4500000000e-01   4.5869687500e+03
  4.5000000000e-01   4.4706953125e+03
  4.5500000000e-01   4.3557382812e+03
  4.6000000000e-01   4.2492070312e+03
  4.6500000000e-01   4.1563261719e+03
  4.7000000000e-01   4.0802089844e+03
  4.7500000000e-01   4.0220585938e+03
  4.8000000000e-01   3.9816269531e+03
  4.8500000000e-01   3.9576132812e+03
  4.9000000000e-01   3.9480585938e+03
  4.9500000000e-01   3.9505976562e+03
  5.0000000000e-01   3.9624589844e+03
